local gui = Instance.new("ScreenGui", game.Players.LocalPlayer.PlayerGui)
gui.ResetOnSpawn = false
local frame = Instance.new("Frame", gui)
local button = Instance.new("TextButton", frame)
local button1 = Instance.new("TextButton", frame)
local button2 = Instance.new("TextButton", frame)
local text = Instance.new("TextLabel", frame)
local text1 = Instance.new("TextLabel", frame)


frame.Size = UDim2.new(0.3,0,0.2,0)
frame.Position = UDim2.new(0,675,0,61)
frame.Draggable = true
frame.Active = true

button.Size = UDim2.new(0.3,0,0.3,0)
button.Position = UDim2.new(0,103,0,74)
button.Draggable = false
button.Active = true
button.Text = "stage 1 - 17"

button1.Size = UDim2.new(0.3,0,0.3,0)
button1.Position = UDim2.new(0,317,0,74)
button1.Draggable = false
button1.Active = true
button1.Text = "stage 17 - 35"

button2.Size = UDim2.new(0.3,0,0.3,0)
button2.Position = UDim2.new(0,203,0,133)
button2.Draggable = false
button2.Active = true
button2.Text = "complete it first try (sometimes work)"

text.Size = UDim2.new(0.3,0,0.3,0)
text.Position = UDim2.new(0,205,0,2)
text.BackgroundTransparency = 1
text.Draggable = false
text.Active = false
text.Text = "BECOME FORKLIFT CERTIFIED OBBY FUCKER 5000"
text.TextSize = 16

text1.Size = UDim2.new(0.3,0,0.3,0)
text1.Position = UDim2.new(0,400,0,134)
text1.BackgroundTransparency = 1
text1.Draggable = false
text1.Active = false
text1.Text = "MADE BY HAXAREBEST2"
text1.TextSize = 11


button.MouseButton1Click:Connect(function()
local hrp = game.Players.LocalPlayer.Character.HumanoidRootPart
hrp.CFrame = CFrame.new(-0.0302749388, 6.96001005, -109.798935, 0.999961615, -0.00147526711, -0.00863788184, 0.00141776074, 0.999976814, -0.00665980717, 0.00864750706, 0.00664730463, 0.999940515)
wait()
hrp.CFrame = CFrame.new(55.4753532, 6.97619915, -170.076492, -0.00567758642, 0.00103868323, -0.99998337, 0.0075985631, 0.999970615, 0.00099552772, 0.999954998, -0.00759278424, -0.00568531221)
wait()
hrp.CFrame = CFrame.new(116.06868, 6.95424366, -111.95034, -0.999922156, 1.26450986e-05, 0.0124773299, -3.21403095e-05, 0.999993563, -0.00358913513, -0.0124772955, -0.0035892569, -0.999915719)
wait()
hrp.CFrame = CFrame.new(114.611557, 6.95580959, -44.8897896, -0.999955475, -0.0020140619, -0.00922167674, -0.00201322651, 0.999997973, -9.98637115e-05, 0.00922185834, -8.12939397e-05, -0.999957502)
wait()
hrp.CFrame = CFrame.new(114.034576, 6.96743822, 99.690033, -0.999904215, 0.00596100185, -0.0124926027, 0.00596287474, 0.999982238, -0.000112671049, 0.0124917086, -0.000187152065, -0.999921978)
wait()
hrp.CFrame = CFrame.new(100.773529, 6.95940876, 197.971786, 0.0279527884, -0.00666099275, -0.999587059, 0.00105663971, 0.99997741, -0.00663404586, 0.999608696, -0.000870763266, 0.0279591959)
wait()
hrp.CFrame = CFrame.new(198.016418, 6.95275021, 197.989395, 0.999972403, 2.17267352e-05, 0.00742592476, 2.5383974e-08, 0.999995708, -0.00292920088, -0.00742595689, 0.00292912032, 0.999968112)
wait()
hrp.CFrame = CFrame.new(197.974472, 6.95144558, 137.959991, -0.000717799121, 0.00161489483, 0.99999845, 3.45789459e-08, 0.999998689, -0.00161489518, -0.999999762, -1.12459145e-06, -0.000717798248)
wait()
hrp.CFrame = CFrame.new(214.026443, 6.96523571, 85.9633865, 0.999959171, 0.000702538993, 0.00900898688, -0.000710159889, 0.999999404, 0.000842747104, -0.00900838897, -0.000849110482, 0.999959052)
wait()
hrp.CFrame = CFrame.new(213.992218, 6.96486139, -74.01828, 0.999997675, -0.0005952504, 0.00208530785, 0.000590493029, 0.999997199, 0.00228124578, -0.00208665989, -0.00228000921, 0.999995232)
wait()
hrp.CFrame = CFrame.new(203.983261, 6.95562267, -169.985519, 0.999993861, -0.00178092357, 0.00302564516, 0.00178563863, 0.999997199, -0.001556364, -0.00302286493, 0.00156175718, 0.999994218)
wait()
hrp.CFrame = CFrame.new(171.964706, 6.95097065, -233.995865, 0.00129154581, -0.000115912044, 0.999999166, -0.000108909459, 1, 0.000116052805, -0.999999166, -0.000109059249, 0.00129153323)
wait()
hrp.CFrame = CFrame.new(27.9495373, 6.95258141, -234.05957, 0.00577920582, 0.00201785611, 0.999981284, 2.15243654e-05, 0.999997973, -0.0020180142, -0.999983311, 3.31864794e-05, 0.00577915041)
wait()
hrp.CFrame = CFrame.new(-64.0156326, 6.95100927, -234.149124, -0.0187222995, 0.000628133363, 0.999824524, 0.000315286336, 0.999999762, -0.000622339488, -0.999824643, 0.000303579378, -0.0187224932)
wait()
hrp.CFrame = CFrame.new(-168.051468, 6.95318842, -234.05336, 0.00406975392, 0.00203280221, 0.999989629, 0.000477048947, 0.999997795, -0.00203476008, -0.999991596, 0.000485324999, 0.0040687751)
wait()
hrp.CFrame = CFrame.new(-250.060471, 6.9629941, -234.063141, -0.000533302489, 0.000979571952, 0.999999404, 0.00189720269, 0.999997735, -0.000978558557, -0.999998033, 0.00189667963, -0.000535159721)
wait()
hrp.CFrame = CFrame.new(-345.990326, 6.96396732, -233.947479, -0.999979615, 0.00163944438, 0.0061692656, 0.001645813, 0.999998093, 0.00102738827, -0.00616756966, 0.00103752082, -0.99998045)
end)


button1.MouseButton1Click:Connect(function()
local hrp = game.Players.LocalPlayer.Character.HumanoidRootPart
hrp.CFrame = CFrame.new(-345.99826, 6.95597458, -137.993774, -0.999984384, 0.000401738478, 0.00557210762, 0.000377625693, 0.999990582, -0.00432778569, -0.00557379378, -0.00432561431, -0.999975085)
wait()
hrp.CFrame = CFrame.new(-345.99765, 6.95020103, -61.9747391, -0.999938726, 1.6363907e-05, 0.0110722678, 1.23631971e-05, 0.99999994, -0.000361395389, -0.0110722724, -0.000361236336, -0.999938607)
wait()
hrp.CFrame = CFrame.new(-345.955627, 6.95729494, 34.0061798, -0.00484657381, 1.16814599e-05, -0.999988258, -0.00252823392, 0.999996781, 2.39349756e-05, 0.999985039, 0.00252832007, -0.0048465291)
wait()
hrp.CFrame = CFrame.new(-250.034912, 6.97370434, 33.9458656, 0.999994397, -0.00108893216, 0.00315777888, 0.00108608231, 0.999998987, 0.000904050714, -0.00315876026, -0.000900616054, 0.999994576)
wait()
hrp.CFrame = CFrame.new(-225.950287, 6.96262741, -134.027603, 0.00501808245, 5.88477269e-05, -0.999987423, 0.00117580604, 0.999999285, 6.47487977e-05, 0.999986708, -0.00117611617, 0.0050180098)
wait()
hrp.CFrame = CFrame.new(-94.0066986, 6.95365381, -133.979782, -0.999976337, -3.31998344e-05, 0.00688338932, -4.5725621e-05, 0.999998331, -0.00181956263, -0.0068833176, -0.00181983435, -0.999974668)
wait()
hrp.CFrame = CFrame.new(-151.992493, 6.95924711, -13.9874201, -0.999997079, 0.000706345425, 0.00230088271, 0.000707404572, 0.999999642, 0.000459540373, -0.00230055745, 0.000461166695, -0.999997258)
wait()
hrp.CFrame = CFrame.new(-135.014481, 6.97171545, 70.98983, -0.999994993, -0.00054975925, 0.00310849096, -0.000552253914, 0.999999523, -0.000801734976, -0.00310804881, -0.00080344762, -0.999994874)
wait()
hrp.CFrame = CFrame.new(-135.016342, 6.95158768, 222.999893, -0.00108989247, -0.0017523698, -0.999997854, -7.17361948e-09, 0.99999845, -0.00175237085, 0.999999404, -1.90272226e-06, -0.00108989084)
wait()
hrp.CFrame = CFrame.new(25.0653763, 6.96783304, 287.015533, -0.999825895, -0.000824316929, 0.0186422765, -0.000841856236, 0.999999225, -0.000933007977, -0.0186414924, -0.000948539644, -0.999825776)
wait()
hrp.CFrame = CFrame.new(115.009796, 6.95457172, 322.986115, -0.999999881, 0.000391361682, 0.000379519945, 0.000390140427, 0.999994755, -0.00321266288, -0.00038077528, -0.00321251433, -0.999994755)
wait()
hrp.CFrame = CFrame.new(41.955368, 6.95344448, 379.986877, 0.0158410762, 0.00201498624, 0.999872506, 0.000555495499, 0.999997795, -0.00202403939, -0.999874353, 0.000587487652, 0.0158399213)
wait()
hrp.CFrame = CFrame.new(-295.014984, 6.96047115, 372.011932, 0.999997973, -0.000852230005, 0.00182432181, 0.000857119099, 0.999996066, -0.00268085278, -0.00182202994, 0.00268241088, 0.999994755)
wait()
hrp.CFrame = CFrame.new(-85.0286484, 6.98865128, 334.953186, 0.999991179, -0.000741953903, 0.0041376953, 0.000731052249, 0.999996245, 0.00263559655, -0.00413963571, -0.00263254833, 0.99998796)
wait()
hrp.CFrame = CFrame.new(-221.008179, 6.95271444, 263.001465, 0.999999881, -0.000430179323, -0.000113819966, 0.000430263171, 0.999999642, 0.000737712544, 0.000113502574, -0.000737761438, 0.999999702)
wait()
hrp.CFrame = CFrame.new(-252.980209, 6.95851898, 104.973579, 0.00762208598, 0.000560955668, 0.999970794, 0.000324638706, 0.999999762, -0.000563446432, -0.999970913, 0.000328923867, 0.00762190204)
wait()
hrp.CFrame = CFrame.new(-393.040222, 6.98086166, 262.988922, -0.008929695, 0.000274712482, 0.999960065, 0.000588882074, 0.999999762, -0.000269464654, -0.999959946, 0.000586452312, -0.00892985426)
end)


button2.MouseButton1Click:Connect(function()
local hrp = game.Players.LocalPlayer.Character.HumanoidRootPart
hrp.CFrame = CFrame.new(-0.0302749388, 6.96001005, -109.798935, 0.999961615, -0.00147526711, -0.00863788184, 0.00141776074, 0.999976814, -0.00665980717, 0.00864750706, 0.00664730463, 0.999940515)
wait()
hrp.CFrame = CFrame.new(55.4753532, 6.97619915, -170.076492, -0.00567758642, 0.00103868323, -0.99998337, 0.0075985631, 0.999970615, 0.00099552772, 0.999954998, -0.00759278424, -0.00568531221)
wait()
hrp.CFrame = CFrame.new(116.06868, 6.95424366, -111.95034, -0.999922156, 1.26450986e-05, 0.0124773299, -3.21403095e-05, 0.999993563, -0.00358913513, -0.0124772955, -0.0035892569, -0.999915719)
wait()
hrp.CFrame = CFrame.new(114.611557, 6.95580959, -44.8897896, -0.999955475, -0.0020140619, -0.00922167674, -0.00201322651, 0.999997973, -9.98637115e-05, 0.00922185834, -8.12939397e-05, -0.999957502)
wait()
hrp.CFrame = CFrame.new(114.034576, 6.96743822, 99.690033, -0.999904215, 0.00596100185, -0.0124926027, 0.00596287474, 0.999982238, -0.000112671049, 0.0124917086, -0.000187152065, -0.999921978)
wait()
hrp.CFrame = CFrame.new(100.773529, 6.95940876, 197.971786, 0.0279527884, -0.00666099275, -0.999587059, 0.00105663971, 0.99997741, -0.00663404586, 0.999608696, -0.000870763266, 0.0279591959)
wait()
hrp.CFrame = CFrame.new(198.016418, 6.95275021, 197.989395, 0.999972403, 2.17267352e-05, 0.00742592476, 2.5383974e-08, 0.999995708, -0.00292920088, -0.00742595689, 0.00292912032, 0.999968112)
wait()
hrp.CFrame = CFrame.new(197.974472, 6.95144558, 137.959991, -0.000717799121, 0.00161489483, 0.99999845, 3.45789459e-08, 0.999998689, -0.00161489518, -0.999999762, -1.12459145e-06, -0.000717798248)
wait()
hrp.CFrame = CFrame.new(214.026443, 6.96523571, 85.9633865, 0.999959171, 0.000702538993, 0.00900898688, -0.000710159889, 0.999999404, 0.000842747104, -0.00900838897, -0.000849110482, 0.999959052)
wait()
hrp.CFrame = CFrame.new(213.992218, 6.96486139, -74.01828, 0.999997675, -0.0005952504, 0.00208530785, 0.000590493029, 0.999997199, 0.00228124578, -0.00208665989, -0.00228000921, 0.999995232)
wait()
hrp.CFrame = CFrame.new(203.983261, 6.95562267, -169.985519, 0.999993861, -0.00178092357, 0.00302564516, 0.00178563863, 0.999997199, -0.001556364, -0.00302286493, 0.00156175718, 0.999994218)
wait()
hrp.CFrame = CFrame.new(171.964706, 6.95097065, -233.995865, 0.00129154581, -0.000115912044, 0.999999166, -0.000108909459, 1, 0.000116052805, -0.999999166, -0.000109059249, 0.00129153323)
wait()
hrp.CFrame = CFrame.new(27.9495373, 6.95258141, -234.05957, 0.00577920582, 0.00201785611, 0.999981284, 2.15243654e-05, 0.999997973, -0.0020180142, -0.999983311, 3.31864794e-05, 0.00577915041)
wait()
hrp.CFrame = CFrame.new(-64.0156326, 6.95100927, -234.149124, -0.0187222995, 0.000628133363, 0.999824524, 0.000315286336, 0.999999762, -0.000622339488, -0.999824643, 0.000303579378, -0.0187224932)
wait()
hrp.CFrame = CFrame.new(-168.051468, 6.95318842, -234.05336, 0.00406975392, 0.00203280221, 0.999989629, 0.000477048947, 0.999997795, -0.00203476008, -0.999991596, 0.000485324999, 0.0040687751)
wait()
hrp.CFrame = CFrame.new(-250.060471, 6.9629941, -234.063141, -0.000533302489, 0.000979571952, 0.999999404, 0.00189720269, 0.999997735, -0.000978558557, -0.999998033, 0.00189667963, -0.000535159721)
wait()
hrp.CFrame = CFrame.new(-345.990326, 6.96396732, -233.947479, -0.999979615, 0.00163944438, 0.0061692656, 0.001645813, 0.999998093, 0.00102738827, -0.00616756966, 0.00103752082, -0.99998045)
wait()
hrp.CFrame = CFrame.new(-345.99826, 6.95597458, -137.993774, -0.999984384, 0.000401738478, 0.00557210762, 0.000377625693, 0.999990582, -0.00432778569, -0.00557379378, -0.00432561431, -0.999975085)
wait()
hrp.CFrame = CFrame.new(-345.99765, 6.95020103, -61.9747391, -0.999938726, 1.6363907e-05, 0.0110722678, 1.23631971e-05, 0.99999994, -0.000361395389, -0.0110722724, -0.000361236336, -0.999938607)
wait()
hrp.CFrame = CFrame.new(-345.955627, 6.95729494, 34.0061798, -0.00484657381, 1.16814599e-05, -0.999988258, -0.00252823392, 0.999996781, 2.39349756e-05, 0.999985039, 0.00252832007, -0.0048465291)
wait()
hrp.CFrame = CFrame.new(-250.034912, 6.97370434, 33.9458656, 0.999994397, -0.00108893216, 0.00315777888, 0.00108608231, 0.999998987, 0.000904050714, -0.00315876026, -0.000900616054, 0.999994576)
wait()
hrp.CFrame = CFrame.new(-225.950287, 6.96262741, -134.027603, 0.00501808245, 5.88477269e-05, -0.999987423, 0.00117580604, 0.999999285, 6.47487977e-05, 0.999986708, -0.00117611617, 0.0050180098)
wait()
hrp.CFrame = CFrame.new(-94.0066986, 6.95365381, -133.979782, -0.999976337, -3.31998344e-05, 0.00688338932, -4.5725621e-05, 0.999998331, -0.00181956263, -0.0068833176, -0.00181983435, -0.999974668)
wait()
hrp.CFrame = CFrame.new(-151.992493, 6.95924711, -13.9874201, -0.999997079, 0.000706345425, 0.00230088271, 0.000707404572, 0.999999642, 0.000459540373, -0.00230055745, 0.000461166695, -0.999997258)
wait()
hrp.CFrame = CFrame.new(-135.014481, 6.97171545, 70.98983, -0.999994993, -0.00054975925, 0.00310849096, -0.000552253914, 0.999999523, -0.000801734976, -0.00310804881, -0.00080344762, -0.999994874)
wait()
hrp.CFrame = CFrame.new(-135.016342, 6.95158768, 222.999893, -0.00108989247, -0.0017523698, -0.999997854, -7.17361948e-09, 0.99999845, -0.00175237085, 0.999999404, -1.90272226e-06, -0.00108989084)
wait()
hrp.CFrame = CFrame.new(25.0653763, 6.96783304, 287.015533, -0.999825895, -0.000824316929, 0.0186422765, -0.000841856236, 0.999999225, -0.000933007977, -0.0186414924, -0.000948539644, -0.999825776)
wait()
hrp.CFrame = CFrame.new(115.009796, 6.95457172, 322.986115, -0.999999881, 0.000391361682, 0.000379519945, 0.000390140427, 0.999994755, -0.00321266288, -0.00038077528, -0.00321251433, -0.999994755)
wait()
hrp.CFrame = CFrame.new(41.955368, 6.95344448, 379.986877, 0.0158410762, 0.00201498624, 0.999872506, 0.000555495499, 0.999997795, -0.00202403939, -0.999874353, 0.000587487652, 0.0158399213)
wait()
hrp.CFrame = CFrame.new(-295.014984, 6.96047115, 372.011932, 0.999997973, -0.000852230005, 0.00182432181, 0.000857119099, 0.999996066, -0.00268085278, -0.00182202994, 0.00268241088, 0.999994755)
wait()
hrp.CFrame = CFrame.new(-85.0286484, 6.98865128, 334.953186, 0.999991179, -0.000741953903, 0.0041376953, 0.000731052249, 0.999996245, 0.00263559655, -0.00413963571, -0.00263254833, 0.99998796)
wait()
hrp.CFrame = CFrame.new(-221.008179, 6.95271444, 263.001465, 0.999999881, -0.000430179323, -0.000113819966, 0.000430263171, 0.999999642, 0.000737712544, 0.000113502574, -0.000737761438, 0.999999702)
wait()
hrp.CFrame = CFrame.new(-252.980209, 6.95851898, 104.973579, 0.00762208598, 0.000560955668, 0.999970794, 0.000324638706, 0.999999762, -0.000563446432, -0.999970913, 0.000328923867, 0.00762190204)
wait()
hrp.CFrame = CFrame.new(-393.040222, 6.98086166, 262.988922, -0.008929695, 0.000274712482, 0.999960065, 0.000588882074, 0.999999762, -0.000269464654, -0.999959946, 0.000586452312, -0.00892985426)
end)
